1074
1075
1076
1124
1125
1126
1127
1128
1129
1130
1131
1171
1172
1173
1174
1175
1176
1177
1178
1179
1180
1181
1182
1183
1220
1221
1222
1223
1224
1226
1227
1228
1229
1230
1231
1232
1233
1234
1271
1272
1273
1277
1278
1279
1280
1281
1282
1283
1284
1285
1286
1325
1326
1330
1331
1332
1333
1334
1335
1336
1337
1338
1375
1376
1377
1379
1381
1382
1383
1384
1385
1386
1387
1388
1389
1425
1430
1433
1434
1435
1436
1437
1438
1440
1441
1479
1481
1482
1529
1531
1532
1579
1629
1683
1732
1733
1782
2067
2068
2117
2118
2167
